  gen    gen_best_fitness       variable0       variable1
    0             0.96206       -2.44301       -5.75199
    1             0.93590        5.39386        2.86222
    2             0.93590        5.39386        2.86222
    3             0.96304        1.64831        2.86576
    4             0.96307        1.64831        2.86566
    5             0.96307        1.64831        2.86566
    6             0.98804        2.70166       -1.68933
    7             0.99338        0.01978       -0.07894
    8             0.98804        2.70165       -1.68933
    9             0.98908        2.70166       -1.66489
   10             0.98604        0.08498       -3.20318
   11             0.98915       -2.74377       -1.59274
   12             0.98595        0.08167       -3.20394
   13             0.98603        0.05125       -3.20394
   14             0.98347        0.27724       -3.20996
   15             0.98347        0.27724       -3.20996
   16             0.98686        0.27724       -3.18554
   17             0.98686        0.27724       -3.18554
   18             0.97486       -2.60888        1.96192
   19             0.99006       -2.54476        1.81125
   20             0.99006       -2.54476        1.81125
   21             0.99006       -2.54476        1.81125
   22             0.99006       -2.54476        1.81125
   23             0.99006       -2.54478        1.81124
   24             0.99003       -2.54325        1.81124
   25             0.98995       -2.58150        1.81735
   26             0.97554       -1.64983        2.81336
   27             0.98888       -2.65508        1.60134
   28             0.99028       -2.45095        1.96053
   29             0.98959       -2.42963        2.02857
   30             0.99023       -3.13244       -0.29155
   31             0.99023       -3.13244       -0.29155
   32             0.99023       -3.13244       -0.28849
   33             0.99028       -3.12635       -0.29155
   34             0.99028       -2.64900       -1.68412
   35             0.99027       -3.06497        0.65567
   36             0.99028       -2.44830        1.96052
   37             0.99021       -2.46158        1.96072
   38             0.99024       -1.87299        2.52662
   39             0.99009       -3.08952        0.62812
   40             0.99027        2.58340        1.78889
   41             0.99028        2.44929        1.96276
   42             0.99028        3.13025       -0.20742
   43             0.99028       -3.06993        0.64852
   44             0.99028       -3.06993        0.64852
   45             0.99028       -3.06840        0.67294
   46             0.99028       -3.06841        0.67294
   47             0.99028       -3.11107        0.41774
   48             0.99028        3.10151        0.48337
   49             0.99027       -2.43068        1.97846
   50             0.99028        2.67597       -1.63567
   51             0.99439       -0.02054       -0.07205
   52             0.99436       -0.02119       -0.07205
   53             0.99028       -2.46157        1.94503
   54             0.99028       -3.09428       -0.52335
   55             0.99028        3.06062        0.69321
   56             0.99028       -1.29822        2.85908
   57             0.99027       -1.85125        2.53927
   58             0.99028       -1.34724        2.83467
   59             0.99028       -1.34724        2.83467
   60             0.99027       -2.46608        1.93536
   61             0.99023       -3.10362        0.51360
   62             0.99027       -3.05545        0.73319
   63             0.99027       -3.05545        0.73319
   64             0.99027       -3.05507        0.73319
   65             0.99028       -2.37050        2.05805
   66             0.99028       -2.37050        2.05804
   67             0.99028       -2.37050        2.05804
   68             0.99639       -0.04358        0.04132
   69             0.99639       -0.04358        0.04132
   70             0.99792       -0.01916        0.04132
   71             0.99639       -0.04367        0.04133
   72             0.99028       -3.08283        0.58510
   73             0.99028       -2.36371        2.06016
   74             0.99027       -2.41330        2.00033
   75             0.99028       -0.36444        3.11988
   76             0.99028       -0.36088        3.11988
   77             0.99026       -0.28786        3.11988
   78             0.99026       -0.38275        3.11988
   79             0.99028       -2.40307        2.01463
   80             0.99028       -2.40307        2.01463
   81             0.99028       -3.04340        0.77656
   82             0.99028       -3.04340        0.77656
   83             0.99028       -0.55994        3.08936
   84             0.99028       -3.11322        0.40850
   85             0.99059       -0.03104        0.09199
   86             0.99028       -3.11358        0.39609
   87             0.99028       -2.55124        1.82853
   88             0.99028       -2.55124        1.82853
   89             0.99028       -2.58870        1.77164
   90             0.99028       -2.58870        1.77164
   91             0.99028       -2.48706        1.91713
   92             0.99021       -2.57727        1.77534
   93             0.99028       -2.45459        1.96030
   94             0.99028       -2.53223        1.85495
   95             0.99028       -2.53223        1.85495
   96             0.99028       -2.84069        1.33663
   97             0.99028       -2.24622        2.19294
   98             0.99028       -2.24622        2.19294
   99             0.99028       -2.24622        2.19294
  100             0.99023       -2.52614        1.85029
  101             0.99308       -0.01908        0.08102
  102             0.99028       -2.86543        1.28175
  103             0.99028       -2.86545        1.28175
  104             0.99028       -2.86545        1.28175
  105             0.99028       -2.86545        1.28185
  106             0.99028       -2.55355        1.82376
  107             0.99028       -2.69794        1.60808
  108             0.99027       -2.64095        1.68793
  109             0.99028       -2.56421        1.80469
  110             0.99028       -2.56421        1.80469
  111             0.99028       -2.56421        1.80469
  112             0.99028       -2.93787        1.09911
  113             0.99028       -2.93787        1.09911
  114             0.99028       -2.68590        1.61940
  115             0.99028       -2.40106        2.02195
  116             0.99028       -2.39952        2.02195
  117             0.99027       -2.54888        1.82584
  118             0.99023       -3.08757        0.60401
  119             0.99028       -2.45154        1.95995
  120             0.99028       -2.05062        2.37488
  121             0.99028       -2.05062        2.37488
  122             0.99028       -2.05062        2.37488
  123             0.99028       -2.83051        1.35627
  124             0.99028       -2.83051        1.35627
  125             0.99028       -2.83051        1.35627
  126             0.99028       -2.62386        1.71653
  127             0.99028       -2.59375        1.76648
  128             0.99027       -2.54059        1.84817
  129             0.99027       -2.94397        1.09814
  130             0.99027       -2.94397        1.09738
  131             0.99028       -2.61497        1.73098
  132             0.99028       -2.61497        1.73093
  133             0.99028       -2.70600        1.59267
  134             0.99028       -2.68031        1.63034
  135             0.99028       -2.69995        1.59877
  136             0.99028       -2.69995        1.59877
  137             0.99028       -2.69995        1.59877
  138             0.99028       -2.45964        1.94990
  139             0.99028       -2.68756        1.62418
  140             0.99028       -2.64984        1.68145
  141             0.99028       -2.64984        1.68145
  142             0.99028       -2.78364        1.44576
  143             0.99027       -3.02814        0.81057
  144             0.99028       -2.64090        1.69479
  145             0.99028       -2.64090        1.69479
  146             0.99028       -2.81798        1.37867
  147             0.99028       -2.70752        1.58811
  148             0.99028       -3.03345        0.81057
  149             0.99028       -3.10615        0.43978
  150             0.99028       -2.95608        1.05552
  151             0.99028       -3.10615        0.43978
  152             0.99028       -3.10615        0.43978
  153             0.99027       -2.43212        1.97832
  154             0.99028       -2.95108        1.06269
  155             0.99027       -3.08954        0.57026
  156             0.99028       -2.85376        1.30090
  157             0.99028       -3.05675        0.71289
  158             0.99028       -2.72315        1.56372
  159             0.99027       -2.72315        1.56677
  160             0.99021       -2.71732        1.58761
  161             0.99028       -2.65957        1.66912
  162             0.99027       -2.39979        2.02747
  163             0.99028       -2.68239        1.62793
  164             0.99028       -2.49439        1.90578
  165             0.99028       -2.66567        1.65606
  166             0.99028       -2.66567        1.65606
  167             0.99028       -2.66567        1.65606
  168             0.99028       -2.66567        1.65606
  169             0.99028       -1.98664        2.42666
  170             0.99028       -2.48370        1.92133
  171             0.99028       -2.48370        1.92133
  172             0.99028       -3.08507        0.57891
  173             0.99028       -2.80374        1.40993
  174             0.99028       -3.11967        0.34569
  175             0.99028       -3.08661        0.57896
  176             0.99028       -3.08189        0.57896
  177             0.99028       -3.08530        0.58978
  178             0.99020       -2.72021        1.58354
  179             0.99028       -2.66294        1.65785
  180             0.99028       -2.66294        1.65785
  181             0.99024       -3.10780        0.48516
  182             0.99028       -2.62142        1.72316
  183             0.99028       -2.68540        1.62022
  184             0.99028       -2.71114        1.57744
  185             0.99534       -0.04823        0.04837
  186             0.99028       -2.66705        1.65002
  187             0.99028       -2.66705        1.65632
  188             0.99028       -3.08850        0.56175
  189             0.99022       -2.89550        1.23084
  190             0.99028       -3.06297        0.68199
  191             0.99028       -3.08519        0.57532
  192             0.99028       -3.08519        0.57532
  193             0.99028       -3.08519        0.57551
  194             0.99028       -3.08529        0.57551
  195             0.99028       -3.08481        0.57532
  196             0.99028       -2.85447        1.30368
  197             0.99028       -2.85447        1.30521
  198             0.99028       -3.08481        0.57532
  199             0.99028       -3.08478        0.57532

the best
   70             0.99792       -0.01916        0.04132